# grassland area with cliffs, water, and some buildings

img=tileset_grassland.png

# grass tiles (use in a 4x4 repeating grid for best results)
tile=16,0,0,128,64,64,32
tile=17,128,0,128,64,64,32
tile=18,256,0,128,64,64,32
tile=19,384,0,128,64,64,32
tile=20,512,0,128,64,64,32
tile=21,640,0,128,64,64,32
tile=22,768,0,128,64,64,32
tile=23,896,0,128,64,64,32
tile=24,1024,0,128,64,64,32
tile=25,1152,0,128,64,64,32
tile=26,1280,0,128,64,64,32
tile=27,1408,0,128,64,64,32
tile=28,1536,0,128,64,64,32
tile=29,1664,0,128,64,64,32
tile=30,1792,0,128,64,64,32
tile=31,1920,0,128,64,64,32

# old stonework path
tile=32,0,64,128,64,64,32
tile=33,128,64,128,64,64,32
tile=34,256,64,128,64,64,32
tile=35,384,64,128,64,64,32
tile=36,512,64,128,64,64,32
tile=37,640,64,128,64,64,32
tile=38,768,64,128,64,64,32
tile=39,896,64,128,64,64,32
tile=40,1024,64,128,64,64,32
tile=41,1152,64,128,64,64,32
tile=42,1280,64,128,64,64,32
tile=43,1408,64,128,64,64,32
tile=44,1536,64,128,64,64,32
tile=45,1664,64,128,64,64,32
tile=46,1792,64,128,64,64,32
tile=47,1920,64,128,64,64,32

# cliffs
tile=48,0,128,128,192,64,160
tile=49,128,128,128,192,64,160
tile=50,256,128,128,192,64,160
tile=51,384,128,128,192,64,160
tile=52,512,128,128,192,64,160
tile=53,640,128,128,192,64,160
tile=54,768,128,128,192,64,160
tile=55,896,128,128,192,64,160
tile=56,1024,128,128,192,64,160
tile=57,1152,128,128,192,64,160
tile=58,1280,128,128,192,64,160
tile=59,1408,128,128,192,64,160
tile=60,1536,128,128,192,64,160
tile=61,1664,128,128,192,64,160
tile=62,1792,128,128,192,64,160
tile=63,1920,128,128,192,64,160

# cliffs
tile=64,0,320,128,192,64,160
tile=65,128,320,128,192,64,160
tile=66,256,320,128,192,64,160
tile=67,384,320,128,192,64,160
tile=68,512,320,128,192,64,160
tile=69,640,320,128,192,64,160
tile=70,768,320,128,192,64,160
tile=71,896,320,128,192,64,160

# tents
tile=72,1024,320,128,192,64,160
tile=73,1152,320,128,192,64,160
tile=74,1280,320,128,192,64,160
tile=75,1408,320,128,192,64,160

# stash
tile=76,1536,320,128,128,64,96
tile=77,1664,320,128,128,64,96

# indicators
tile=92,1536,448,128,64,64,32
tile=93,1664,448,128,64,64,32
tile=94,1792,448,128,64,64,32
tile=95,1920,448,128,64,64,32

# town objects (e.g. containers)
tile=96,0,512,128,128,64,96
tile=97,128,512,128,128,64,96
tile=98,256,512,128,128,64,96
tile=99,384,512,128,128,64,96
tile=100,512,512,128,128,64,96
tile=101,640,512,128,128,64,96
tile=102,768,512,128,128,64,96
tile=103,896,512,128,128,64,96
tile=104,1024,512,128,128,64,96
tile=105,1152,512,128,128,64,96
tile=106,1280,512,128,128,64,96
tile=107,1408,512,128,128,64,96
tile=108,1536,512,128,128,64,96
tile=109,1664,512,128,128,64,96
tile=110,1792,512,128,128,64,96
tile=111,1920,512,128,128,64,96

# shrubs and grass tufts
tile=112,0,640,128,128,64,96
tile=113,128,640,128,128,64,96
tile=114,256,640,128,128,64,96
tile=115,384,640,128,128,64,96
tile=116,512,640,128,128,64,96
tile=117,640,640,128,128,64,96
tile=118,768,640,128,128,64,96
tile=119,896,640,128,128,64,96
tile=120,1024,640,128,128,64,96
tile=121,1152,640,128,128,64,96
tile=122,1280,640,128,128,64,96
tile=123,1408,640,128,128,64,96
tile=124,1536,640,128,128,64,96
tile=125,1664,640,128,128,64,96
tile=126,1792,640,128,128,64,96
tile=127,1920,640,128,128,64,96

# rocks
tile=128,0,768,128,192,64,160
tile=129,128,768,128,192,64,160
tile=130,256,768,128,192,64,160
tile=131,384,768,128,192,64,160
tile=132,512,768,128,192,64,160
tile=133,640,768,128,192,64,160
tile=134,768,768,128,192,64,160
tile=135,896,768,128,192,64,160

# tall town objects
tile=136,1024,768,128,192,64,160
tile=137,1152,768,128,192,64,160
tile=138,1280,768,128,192,64,160
tile=139,1408,768,128,192,64,160
tile=140,1536,768,128,192,64,160
tile=141,1664,768,128,192,64,160
tile=142,1792,768,128,192,64,160
tile=143,1920,768,128,192,64,160

# riverbanks
tile=144,0,960,128,128,64,32
tile=145,128,960,128,128,64,32
tile=146,256,960,128,128,64,32
tile=147,384,960,128,128,64,32
tile=148,512,960,128,128,64,32
tile=149,640,960,128,128,64,32
tile=150,768,960,128,128,64,32
tile=151,896,960,128,128,64,32
tile=152,1024,960,128,128,64,32
tile=153,1152,960,128,128,64,32
tile=154,1280,960,128,128,64,32
tile=155,1408,960,128,128,64,32
tile=156,1536,960,128,128,64,32
tile=157,1664,960,128,128,64,32
tile=158,1792,960,128,128,64,32
tile=159,1920,960,128,128,64,32

# riverbanks
tile=160,0,1088,128,128,64,32
tile=161,128,1088,128,128,64,32
tile=162,256,1088,128,128,64,32
tile=163,384,1088,128,128,64,32
tile=164,512,1088,128,128,64,32
tile=165,640,1088,128,128,64,32
tile=166,768,1088,128,128,64,32
tile=167,896,1088,128,128,64,32
tile=168,1024,1088,128,128,64,32
tile=169,1152,1088,128,128,64,32
tile=170,1280,1088,128,128,64,32
tile=171,1408,1088,128,128,64,32
tile=172,1536,1088,128,128,64,32
tile=173,1664,1088,128,128,64,32
tile=174,1792,1088,128,128,64,32
tile=175,1920,1088,128,128,64,32

# water tiles (use in a 8x8 grid)
tile=176,0,1216,128,64,64,-32
tile=177,128,1216,128,64,64,-32
tile=178,256,1216,128,64,64,-32
tile=179,384,1216,128,64,64,-32
tile=180,512,1216,128,64,64,-32
tile=181,640,1216,128,64,64,-32
tile=182,768,1216,128,64,64,-32
tile=183,896,1216,128,64,64,-32
tile=184,1024,1216,128,64,64,-32
tile=185,1152,1216,128,64,64,-32
tile=186,1280,1216,128,64,64,-32
tile=187,1408,1216,128,64,64,-32
tile=188,1536,1216,128,64,64,-32
tile=189,1664,1216,128,64,64,-32
tile=190,1792,1216,128,64,64,-32
tile=191,1920,1216,128,64,64,-32

# wood bridge/wharf
tile=192,0,1280,128,128,64,32
tile=193,128,1280,128,128,64,32
tile=194,256,1280,128,128,64,32
tile=195,384,1280,128,128,64,32
tile=196,512,1280,128,128,64,32
tile=197,640,1280,128,128,64,32
tile=198,768,1280,128,128,64,32
tile=199,896,1280,128,128,64,32
tile=200,1024,1280,128,128,64,32
tile=201,1152,1280,128,128,64,32
tile=202,1280,1280,128,128,64,32
tile=203,1408,1280,128,128,64,32
tile=204,1536,1280,128,128,64,32
tile=205,1664,1280,128,128,64,32
tile=206,1792,1280,128,128,64,32
tile=207,1920,1280,128,128,64,32

# buildings
tile=208,0,1408,128,320,64,288
tile=209,128,1408,128,320,64,288
tile=210,256,1408,128,320,64,288
tile=211,384,1408,128,320,64,288
tile=212,512,1408,128,320,64,288
tile=213,640,1408,128,320,64,288
tile=214,768,1408,128,320,64,288
tile=215,896,1408,128,320,64,288

# broken tower
tile=216,1024,1504,64,320,64,288
tile=217,1088,1472,64,384,64,352
tile=218,1152,1472,64,416,64,384
tile=219,1216,1504,128,384,64,384
tile=220,1344,1568,64,320,0,288
tile=221,1408,1664,64,192,0,160
tile=222,1472,1664,64,160,0,128

# cave tileset entrances
tile=224,0,1728,128,256,64,224
tile=225,128,1728,64,224,0,192
tile=226,192,1728,64,224,64,192
tile=227,256,1728,128,256,64,224
tile=228,384,1728,128,256,64,224
tile=229,512,1728,64,224,0,192
tile=230,576,1728,64,224,64,192
tile=231,640,1728,128,256,64,224

# temple entrance
tile=232,1536,1504,64,64,64,32
tile=233,1600,1472,64,128,64,96
tile=234,1664,1440,64,192,64,160
tile=235,1728,1408,128,256,64,224
tile=236,1856,1440,64,192,0,160
tile=237,1920,1472,64,128,0,96
tile=238,1984,1504,64,64,0,32

# blue trees
tile=240,0,1984,256,256,128,224
tile=241,256,1984,256,256,128,224
tile=242,512,1984,256,256,128,224
tile=243,768,1984,256,256,128,224

# dead trees
tile=244,1024,1920,256,448,128,416
tile=245,1280,1920,256,448,128,416
tile=246,1536,1920,256,448,128,416
tile=247,1792,1920,256,448,128,416

# tall trees
tile=248,0,2240,256,448,128,416
tile=249,256,2240,256,448,128,416
tile=250,512,2240,256,448,128,416
tile=251,768,2240,256,448,128,416

# fluffy trees
tile=252,1024,2368,256,320,128,288
tile=253,1280,2368,256,320,128,288
tile=254,1536,2368,256,320,128,288
tile=255,1792,2368,256,320,128,288

animation=102;768,512,20;768,512,20

# teleporter circles
tile=264,0,2688,256,128,64,64
tile=265,256,2688,256,128,64,64

# teleporter animation
animation=265;1024,2688,2;768,2688,2;512,2688,2;256,2688,2

# the rotten tower
tile=288,1408,2688,640,704,-20,600
